{"cam_param": [[[1.0, 0.0, 0.0, 0.0], [-0.0, -1.0, -6.123233995736766e-17, 6.123233995736766e-16], [-0.0, 6.123233995736766e-17, -1.0, 10.0], [0.0, 0.0, 0.0, 1.0]], [[0.984807753012208, 1.0632884247878858e-17, -0.17364817766693033, 1.7364817766693033], [-5.231794094561017e-34, -1.0, -6.123233995736765e-17, 6.123233995736766e-16], [-0.17364817766693033, 6.030208312509489e-17, -0.9848077530122079, 9.84807753012208], [0.0, 0.0, 0.0, 1.0]], [[0.9396926207859083, 2.0942693688384956e-17, -0.3420201433256687, 3.420201433256687], [5.211319983009885e-34, -1.0, -6.123233995736766e-17, 6.123233995736766e-16], [-0.34202014332566866, 5.753957801139251e-17, -0.9396926207859084, 9.396926207859085], [0.0, 0.0, 0.0, 1.0]], [[0.8660254037844387, 3.0616169978683824e-17, -0.4999999999999999, 4.999999999999999], [1.686857840492269e-33, -1.0, -6.123233995736766e-17, 6.123233995736766e-16], [-0.4999999999999999, 5.3028761936245346e-17, -0.8660254037844387, 8.660254037844387], [0.0, 0.0, 0.0, 1.0]], [[0.766044443118978, 3.9359389436709925e-17, -0.6427876096865391, 6.427876096865392], [1.204466733734165e-32, -1.0, -6.123233995736765e-17, 6.123233995736765e-16], [-0.6427876096865391, 4.690669376351366e-17, -0.7660444431189779, 7.660444431189779], [0.0, 0.0, 0.0, 1.0]], [[0.6427876096865393, 4.6906693763513654e-17, -0.766044443118978, 7.660444431189781], [-0.0, -1.0, -6.123233995736766e-17, 6.123233995736767e-16], [-0.7660444431189779, 3.935938943670992e-17, -0.6427876096865393, 6.4278760968653925], [0.0, 0.0, 0.0, 1.0]], [[0.5000000000000001, 5.3028761936245346e-17, -0.8660254037844386, 8.660254037844387], [-0.0, -1.0, -6.123233995736766e-17, 6.123233995736767e-16], [-0.8660254037844385, 3.0616169978683836e-17, -0.5000000000000001, 5.000000000000001], [0.0, 0.0, 0.0, 1.0]], [[0.3420201433256688, 5.753957801139251e-17, -0.9396926207859082, 9.396926207859083], [-0.0, -1.0, -6.123233995736766e-17, 6.123233995736767e-16], [-0.9396926207859083, 2.094269368838497e-17, -0.3420201433256688, 3.4202014332566884], [0.0, 0.0, 0.0, 1.0]], [[0.17364817766693041, 6.030208312509489e-17, -0.984807753012208, 9.848077530122078], [1.5173365927927362e-33, -1.0, -6.123233995736766e-17, 6.123233995736766e-16], [-0.9848077530122079, 1.0632884247878864e-17, -0.17364817766693041, 1.7364817766693041], [0.0, 0.0, 0.0, 1.0]], [[6.123233995736766e-17, 6.123233995736766e-17, -1.0, 10.0], [-0.0, -1.0, -6.123233995736766e-17, 6.123233995736766e-16], [-1.0, 3.749399456654644e-33, -6.123233995736766e-17, 6.123233995736766e-16], [0.0, 0.0, 0.0, 1.0]], [[-0.1736481776669303, 6.03020831250949e-17, -0.984807753012208, 9.848077530122078], [-0.0, -1.0, -6.123233995736766e-17, 6.123233995736766e-16], [-0.9848077530122079, -1.0632884247878856e-17, 0.1736481776669303, -1.7364817766693026], [0.0, 0.0, 0.0, 1.0]], [[-0.3420201433256687, 5.753957801139251e-17, -0.9396926207859083, 9.396926207859085], [-0.0, -1.0, -6.123233995736766e-17, 6.123233995736767e-16], [-0.9396926207859084, -2.0942693688384956e-17, 0.34202014332566866, -3.4202014332566875], [0.0, 0.0, 0.0, 1.0]], [[-0.49999999999999983, 5.302876193624535e-17, -0.8660254037844387, 8.660254037844387], [-0.0, -1.0, -6.123233995736767e-17, 6.123233995736766e-16], [-0.8660254037844387, -3.0616169978683824e-17, 0.4999999999999999, -4.999999999999999], [0.0, 0.0, 0.0, 1.0]], [[-0.6427876096865393, 4.6906693763513654e-17, -0.766044443118978, 7.660444431189781], [-0.0, -1.0, -6.123233995736766e-17, 6.123233995736767e-16], [-0.7660444431189779, -3.935938943670992e-17, 0.6427876096865393, -6.4278760968653925], [0.0, 0.0, 0.0, 1.0]], [[-0.7660444431189778, 3.935938943670994e-17, -0.6427876096865395, 6.427876096865394], [5.7724520745232985e-33, -1.0, -6.123233995736766e-17, 6.123233995736766e-16], [-0.6427876096865395, -4.690669376351365e-17, 0.7660444431189779, -7.660444431189779], [0.0, 0.0, 0.0, 1.0]], [[-0.8660254037844387, 3.0616169978683824e-17, -0.4999999999999999, 4.999999999999999], [-1.686857840492269e-33, -1.0, -6.123233995736766e-17, 6.123233995736766e-16], [-0.4999999999999999, -5.3028761936245346e-17, 0.8660254037844387, -8.660254037844387], [0.0, 0.0, 0.0, 1.0]], [[-0.9396926207859082, 2.0942693688384968e-17, -0.3420201433256689, 3.4202014332566884], [-8.611790519928548e-34, -1.0, -6.123233995736767e-17, 6.123233995736766e-16], [-0.3420201433256688, -5.753957801139251e-17, 0.9396926207859083, -9.396926207859083], [0.0, 0.0, 0.0, 1.0]], [[-0.9848077530122081, 1.0632884247878883e-17, -0.17364817766693072, 1.7364817766693073], [-9.092351980319728e-34, -1.0, -6.123233995736766e-17, 6.123233995736766e-16], [-0.17364817766693072, -6.030208312509489e-17, 0.9848077530122079, -9.84807753012208], [0.0, 0.0, 0.0, 1.0]], [[-1.0, 7.498798913309288e-33, -1.2246467991473532e-16, 1.2246467991473533e-15], [3.0080778888518096e-49, -1.0, -6.123233995736766e-17, 6.123233995736766e-16], [-1.2246467991473532e-16, -6.123233995736766e-17, 1.0, -10.0], [0.0, 0.0, 0.0, 1.0]], [[-0.9848077530122081, -1.0632884247878838e-17, 0.17364817766693003, -1.7364817766693001], [-1.5695241841179716e-33, -1.0, -6.123233995736767e-17, 6.123233995736766e-16], [0.17364817766693003, -6.030208312509489e-17, 0.9848077530122081, -9.848077530122081], [0.0, 0.0, 0.0, 1.0]], [[-0.9396926207859083, -2.0942693688384953e-17, 0.3420201433256686, -3.4202014332566866], [-8.90385069000455e-34, -1.0, -6.123233995736765e-17, 6.123233995736765e-16], [0.3420201433256686, -5.753957801139251e-17, 0.9396926207859083, -9.396926207859085], [0.0, 0.0, 0.0, 1.0]], [[-0.8660254037844388, -3.0616169978683806e-17, 0.49999999999999967, -4.999999999999998], [-3.340461291335796e-33, -1.0, -6.123233995736765e-17, 6.123233995736767e-16], [0.4999999999999996, -5.3028761936245346e-17, 0.8660254037844387, -8.660254037844389], [0.0, 0.0, 0.0, 1.0]], [[-0.766044443118978, -3.9359389436709925e-17, 0.6427876096865391, -6.427876096865392], [1.204466733734165e-32, -1.0, -6.123233995736765e-17, 6.123233995736765e-16], [0.6427876096865391, -4.690669376351366e-17, 0.7660444431189779, -7.660444431189779], [0.0, 0.0, 0.0, 1.0]], [[-0.6427876096865395, -4.690669376351365e-17, 0.7660444431189778, -7.660444431189778], [-0.0, -1.0, -6.123233995736766e-17, 6.123233995736766e-16], [0.7660444431189779, -3.9359389436709944e-17, 0.6427876096865395, -6.427876096865395], [0.0, 0.0, 0.0, 1.0]], [[-0.5000000000000004, -5.302876193624533e-17, 0.8660254037844384, -8.660254037844384], [-0.0, -1.0, -6.123233995736766e-17, 6.123233995736767e-16], [0.8660254037844384, -3.061616997868386e-17, 0.5000000000000004, -5.000000000000005], [0.0, 0.0, 0.0, 1.0]], [[-0.3420201433256693, -5.753957801139249e-17, 0.9396926207859081, -9.396926207859082], [-2.8956514510260798e-33, -1.0, -6.123233995736764e-17, 6.123233995736766e-16], [0.9396926207859081, -2.0942693688384996e-17, 0.3420201433256693, -3.420201433256694], [0.0, 0.0, 0.0, 1.0]], [[-0.17364817766693033, -6.03020831250949e-17, 0.984807753012208, -9.848077530122078], [-0.0, -1.0, -6.123233995736766e-17, 6.123233995736766e-16], [0.9848077530122079, -1.0632884247878858e-17, 0.17364817766693033, -1.736481776669303], [0.0, 0.0, 0.0, 1.0]], [[-1.8369701987210297e-16, -6.123233995736766e-17, 1.0, -10.0], [-0.0, -1.0, -6.123233995736766e-17, 6.123233995736766e-16], [1.0, -1.1248198369963932e-32, 1.8369701987210297e-16, -1.8369701987210296e-15], [0.0, 0.0, 0.0, 1.0]], [[0.17364817766692997, -6.030208312509489e-17, 0.9848077530122081, -9.848077530122081], [-0.0, -1.0, -6.123233995736766e-17, 6.123233995736766e-16], [0.9848077530122081, 1.0632884247878835e-17, -0.17364817766692997, 1.7364817766693], [0.0, 0.0, 0.0, 1.0]], [[0.3420201433256681, -5.753957801139254e-17, 0.9396926207859085, -9.396926207859085], [-0.0, -1.0, -6.123233995736766e-17, 6.123233995736767e-16], [0.9396926207859084, 2.0942693688384925e-17, -0.3420201433256681, 3.4202014332566812], [0.0, 0.0, 0.0, 1.0]], [[0.5000000000000001, -5.3028761936245346e-17, 0.8660254037844386, -8.660254037844387], [-0.0, -1.0, -6.123233995736766e-17, 6.123233995736767e-16], [0.8660254037844385, 3.0616169978683836e-17, -0.5000000000000001, 5.000000000000001], [0.0, 0.0, 0.0, 1.0]], [[0.6427876096865394, -4.6906693763513654e-17, 0.766044443118978, -7.660444431189781], [4.7211133815497114e-33, -1.0, -6.123233995736765e-17, 6.123233995736765e-16], [0.7660444431189782, 3.9359389436709925e-17, -0.6427876096865393, 6.4278760968653925], [0.0, 0.0, 0.0, 1.0]], [[0.7660444431189778, -3.935938943670995e-17, 0.6427876096865397, -6.427876096865397], [5.032247749208261e-33, -1.0, -6.123233995736766e-17, 6.123233995736766e-16], [0.6427876096865397, 4.690669376351365e-17, -0.7660444431189779, 7.660444431189779], [0.0, 0.0, 0.0, 1.0]], [[0.8660254037844384, -3.061616997868386e-17, 0.5000000000000004, -5.000000000000004], [5.844555399299316e-34, -1.0, -6.123233995736766e-17, 6.123233995736766e-16], [0.5000000000000004, 5.302876193624533e-17, -0.8660254037844384, 8.660254037844384], [0.0, 0.0, 0.0, 1.0]], [[0.939692620785908, -2.0942693688385e-17, 0.3420201433256694, -3.4202014332566946], [2.804472681220912e-34, -1.0, -6.123233995736765e-17, 6.123233995736767e-16], [0.3420201433256694, 5.75395780113925e-17, -0.9396926207859081, 9.396926207859083], [0.0, 0.0, 0.0, 1.0]], [[0.984807753012208, -1.0632884247878861e-17, 0.1736481776669304, -1.736481776669304], [1.4928405197435264e-33, -1.0, -6.123233995736766e-17, 6.123233995736766e-16], [0.1736481776669304, 6.030208312509489e-17, -0.9848077530122079, 9.84807753012208], [0.0, 0.0, 0.0, 1.0]]]}